4.016667	2.15	4	4	4
2	4.383333	4.283333	2.033333	4.833333
1.833333	5.45	1.616667	4.866667	4.383333
1.766667	4.666667	2	4.733333	4.216667
1.9	4.966667	2	4	2
4	2.833333	4.5	4.066667	3.716667
3.516667	4.466667	2.216667	4.883333	2.6
4.15	2.2	4.766667	1.833333	4.6
2.266667	4.133333	2	4	2
4	1.883333	4.266667	2.083333	4.466667
2.5	4	1.766667	4.333333	2.183333
4.483333	3.883333	3.333333	3.733333	4
1.95	5.266667	2	4	2
4	2	4	3.533333	2.166667
4.5	2.016667	4.15	4.2	4.333333
1.933333	4.65	3.816667	4.033333	4.166667
4.666667	1.816667	4	3	4
2	4.45	2.05	4.25	1.916667
4.666667	1.733333	4.383333	1.766667	4.6
1.866667	4.45	1.633333	5.033333	1.816667
5.1	1.633333	4.283333	2	4
2	4.533333	2	4	2.933333
4.733333	3.9	1.95	4.116667	1.8
4.666667	1.833333	4.7	2.116667	4.783333
1.816667	4.1	4.65	4	2
4	4	4.216667	4.133333	3.933333
3.75	4.416667	2.466667	4.166667	3.8
4.316667	3.866667	4.683333	1.7	4.966667
4.266667	4.583333	4	4	4
4	1.983333	4.6	0.8333333	4.916667
1.733333	4.583333	1.7	4.75	1.833333
4.5	1.866667	4.45	4.45	4
4.8	4	4	2	4
1.933333	4.583333	2	3.7	2.866667
4.833333	3.45	4.383333	1.8	4.4
2.483333	4.516667	2.1	4.35	4.366667
1.783333	4.916667	1.816667	4	4
4	3.866667	1.85	4.7	2.016667
4.466667	1.866667	4.166667	1.9	4.25
3.25	4.216667	1.883333	4.983333	1.85
4	1.966667	4.766667	4	2
4	4	2.383333	4.416667	4.216667
4.366667	2	4.45	1.75	4.5
1.616667	4.7	2.566667	3.7	4.233333
1.933333	4.35	4	4	4
4.216667	4	4.133333	1.883333	4.466667
1.95	4.216667	1.716667	4.45	4.25
3.966667	4.383333	1.966667	4.45	4.266667
1.916667	4.416667	3	4	2
4	3.283333	1.833333	4.616667	1.833333
4.616667	4.6	4.25	1.933333	4.983333
1.966667	4.3	4.2	4.533333	4.4
4.616667	2	4	4	3.916667
2	4.5	1.8	4	2.75
4.733333	3.966667	1.95	4.966667	1.85
4.8	4	4	4	4
4	4	4	2	4
1.933333	4.333333	1.666667	4.766667	1.95
4.683333	1.933333	4.416667	2.133333	4.083333
2.066667	4	4	2
